0 2.5
1 2.5
2 2.5
3 2.5
4 2.5
5 2.5
6 2.5
7 2.5
8 2.5
9 2.5
10 2.5
11 2.5011
12 2.5031
13 2.5058
14 2.5092
15 2.5131
16 2.5173
17 2.5219
18 2.5267
19 2.5316
20 2.5367
21 2.5418
22 2.547
23 2.5521
24 2.5572
25 2.5623
26 2.5672
27 2.5721
28 2.5769
29 2.5815
30 2.586
31 2.5904
32 2.5947
33 2.5988
34 2.6027
35 2.6066
36 2.6103
37 2.6138
38 2.6172
39 2.6205
40 2.6237
41 2.6267
42 2.6296
43 2.6323
44 2.635
45 2.6375
46 2.64
47 2.6423
48 2.6445
49 2.6466
50 2.6486
51 2.6506
52 2.6524
53 2.6542
54 2.6558
55 2.6574
56 2.659
57 2.6604
58 2.6618
59 2.6631
60 2.6644
61 2.6656
62 2.6667
63 2.6678
64 2.6688
65 2.6698
66 2.6708
67 2.6716
68 2.6725
69 2.6733
70 2.6741
71 2.6748
72 2.6755
73 2.6762
74 2.6768
75 2.6774
76 2.678
77 2.6785
78 2.679
79 2.6795
80 2.68
81 2.6804
82 2.6808
83 2.6812
84 2.6816
85 2.682
86 2.6823
87 2.6827
88 2.683
89 2.6833
90 2.6836
91 2.6838
92 2.6841
93 2.6843
94 2.6846
95 2.6848
96 2.685
97 2.6852
98 2.6854
99 2.6856
100 2.6857
101 2.6859
102 2.686
103 2.6862
104 2.6863
105 2.6865
106 2.6866
107 2.6867
108 2.6868
109 2.6869
110 2.687
111 2.6871
112 2.6872
113 2.6873
114 2.6874
115 2.6875
116 2.6876
117 2.6876
118 2.6877
119 2.6878
120 2.6878
121 2.6879
122 2.6879
123 2.688
124 2.688
125 2.6881
126 2.6881
127 2.6882
128 2.6882
129 2.6883
130 2.6883
131 2.6883
132 2.6884
133 2.6884
134 2.6884
135 2.6885
136 2.6885
137 2.6885
138 2.6885
139 2.6886
140 2.6886
141 2.6886
142 2.6886
143 2.6887
144 2.6887
145 2.6887
146 2.6887
147 2.6887
148 2.6887
149 2.6888
150 2.6888
151 2.6888
152 2.6888
153 2.6888
154 2.6888
155 2.6888
156 2.6888
157 2.6888
158 2.6889
159 2.6889
160 2.6889
161 2.6889
162 2.6889
163 2.6889
164 2.6889
165 2.6889
166 2.6889
167 2.6889
168 2.6889
169 2.6889
170 2.6889
171 2.6889
172 2.6889
173 2.6889
174 2.689
175 2.689
176 2.689
177 2.689
178 2.689
179 2.689
180 2.689
181 2.689
182 2.689
183 2.689
184 2.689
185 2.689
186 2.689
187 2.689
188 2.689
189 2.689
190 2.689
191 2.689
192 2.689
193 2.689
194 2.689
195 2.689
196 2.689
197 2.689
198 2.689
199 2.689
200 2.689
201 2.689
202 2.689
203 2.689
204 2.689
205 2.689
206 2.689
207 2.689
208 2.689
209 2.689
210 2.689
211 2.689
212 2.689
213 2.689
214 2.689
215 2.689
216 2.689
217 2.689
218 2.689
219 2.689
220 2.689
221 2.689
222 2.689
223 2.689
224 2.689
225 2.689
226 2.689
227 2.689
228 2.689
229 2.689
230 2.689
231 2.689
232 2.689
233 2.689
234 2.689
235 2.689
236 2.689
237 2.689
238 2.689
239 2.689
240 2.689
241 2.689
242 2.689
243 2.689
244 2.689
245 2.689
246 2.689
247 2.689
248 2.689
249 2.689
250 2.689
251 2.689
252 2.689
253 2.689
254 2.689
255 2.689
256 2.689
257 2.689
258 2.689
259 2.689
260 2.689
261 2.689
262 2.689
263 2.689
264 2.689
265 2.689
266 2.689
267 2.689
268 2.689
269 2.689
270 2.689
271 2.689
272 2.689
273 2.689
274 2.689
275 2.689
276 2.689
277 2.689
278 2.689
279 2.689
280 2.689
281 2.689
282 2.689
283 2.689
284 2.689
285 2.689
286 2.689
287 2.689
288 2.689
289 2.689
290 2.689
291 2.689
292 2.689
293 2.689
294 2.689
295 2.689
296 2.689
297 2.689
298 2.689
299 2.689
