0	1.0351e-07
1	2.0832e-07
2	3.1363e-07
3	4.1876e-07
4	5.2311e-07
5	6.2622e-07
6	7.277e-07
7	8.2721e-07
8	9.2451e-07
9	0.0028024
10	0.010582
11	0.022496
12	0.037812
13	0.055895
14	0.076198
15	0.098246
16	0.12163
17	0.14601
18	0.17107
19	0.19657
20	0.22229
21	0.24805
22	0.27368
23	0.29907
24	0.3241
25	0.34869
26	0.37277
27	0.39628
28	0.41918
29	0.44143
30	0.46301
31	0.4839
32	0.5041
33	0.52359
34	0.54238
35	0.56048
36	0.57789
37	0.59461
38	0.61068
39	0.62608
40	0.64086
41	0.65501
42	0.66857
43	0.68154
44	0.69394
45	0.70581
46	0.71714
47	0.72797
48	0.73831
49	0.74819
50	0.75761
51	0.7666
52	0.77518
53	0.78335
54	0.79115
55	0.79858
56	0.80567
57	0.81242
58	0.81885
59	0.82497
60	0.83081
61	0.83636
62	0.84166
63	0.84669
64	0.85149
65	0.85606
66	0.8604
67	0.86454
68	0.86848
69	0.87222
70	0.87579
71	0.87918
72	0.88241
73	0.88548
74	0.8884
75	0.89118
76	0.89382
77	0.89634
78	0.89873
79	0.90101
80	0.90317
81	0.90523
82	0.90719
83	0.90906
84	0.91083
85	0.91251
86	0.91411
87	0.91564
88	0.91709
89	0.91847
90	0.91978
91	0.92102
92	0.92221
93	0.92334
94	0.92441
95	0.92543
96	0.9264
97	0.92732
98	0.9282
99	0.92903
100	0.92982
101	0.93058
102	0.93129
103	0.93198
104	0.93262
105	0.93324
106	0.93383
107	0.93438
108	0.93491
109	0.93542
110	0.9359
111	0.93635
112	0.93678
113	0.9372
114	0.93759
115	0.93796
116	0.93831
117	0.93865
118	0.93897
119	0.93927
120	0.93956
121	0.93984
122	0.9401
123	0.94035
124	0.94059
125	0.94081
126	0.94102
127	0.94123
128	0.94142
129	0.94161
130	0.94178
131	0.94195
132	0.9421
133	0.94225
134	0.9424
135	0.94253
136	0.94266
137	0.94279
138	0.9429
139	0.94301
140	0.94312
141	0.94322
142	0.94331
143	0.94341
144	0.94349
145	0.94357
146	0.94365
147	0.94373
148	0.9438
149	0.94386
150	0.94393
151	0.94399
152	0.94405
153	0.9441
154	0.94415
155	0.9442
156	0.94425
157	0.94429
158	0.94434
159	0.94438
160	0.94442
161	0.94445
162	0.94449
163	0.94452
164	0.94455
165	0.94458
166	0.94461
167	0.94464
168	0.94466
169	0.94469
170	0.94471
171	0.94473
172	0.94475
173	0.94477
174	0.94479
175	0.94481
176	0.94483
177	0.94484
178	0.94486
179	0.94487
180	0.94489
181	0.9449
182	0.94491
183	0.94493
184	0.94494
185	0.94495
186	0.94496
187	0.94497
188	0.94498
189	0.94499
190	0.945
191	0.945
192	0.94501
193	0.94502
194	0.94503
195	0.94503
196	0.94504
197	0.94504
198	0.94505
199	0.94506
200	0.94506
201	0.94507
202	0.94507
203	0.94507
204	0.94508
205	0.94508
206	0.94509
207	0.94509
208	0.94509
209	0.9451
210	0.9451
211	0.9451
212	0.94511
213	0.94511
214	0.94511
215	0.94511
216	0.94512
217	0.94512
218	0.94512
219	0.94512
220	0.94512
221	0.94513
222	0.94513
223	0.94513
224	0.94513
225	0.94513
226	0.94513
227	0.94513
228	0.94514
229	0.94514
230	0.94514
231	0.94514
232	0.94514
233	0.94514
234	0.94514
235	0.94514
236	0.94514
237	0.94514
238	0.94514
239	0.94515
240	0.94515
241	0.94515
242	0.94515
243	0.94515
244	0.94515
245	0.94515
246	0.94515
247	0.94515
248	0.94515
249	0.94515
250	0.94515
251	0.94515
252	0.94515
253	0.94515
254	0.94515
255	0.94515
256	0.94515
257	0.94515
258	0.94515
259	0.94515
260	0.94515
261	0.94515
262	0.94516
263	0.94516
264	0.94516
265	0.94516
266	0.94516
267	0.94516
268	0.94516
269	0.94516
270	0.94516
271	0.94516
272	0.94516
273	0.94516
274	0.94516
275	0.94516
276	0.94516
277	0.94516
278	0.94516
279	0.94516
280	0.94516
281	0.94516
282	0.94516
283	0.94516
284	0.94516
285	0.94516
286	0.94516
287	0.94516
288	0.94516
289	0.94516
290	0.94516
291	0.94516
292	0.94516
293	0.94516
294	0.94516
295	0.94516
296	0.94516
297	0.94516
298	0.94516
299	0.94516
300	0.94516
301	0.94516
302	0.94516
303	0.94516
304	0.94516
305	0.94516
306	0.94516
307	0.94516
308	0.94516
309	0.94516
310	0.94516
311	0.94516
312	0.94516
313	0.94516
314	0.94516
315	0.94516
316	0.94516
317	0.94516
318	0.94516
319	0.94516
320	0.94516
321	0.94516
322	0.94516
323	0.94516
324	0.94516
325	0.94516
326	0.94516
327	0.94516
328	0.94516
329	0.94516
330	0.94516
331	0.94516
332	0.94516
333	0.94516
334	0.94516
335	0.94516
336	0.94516
337	0.94516
338	0.94516
339	0.94516
340	0.94516
341	0.94516
342	0.94516
343	0.94516
344	0.94516
345	0.94516
346	0.94516
347	0.94516
348	0.94516
349	0.94516
350	0.94516
351	0.94516
352	0.94516
353	0.94516
354	0.94516
355	0.94516
356	0.94516
357	0.94516
358	0.94516
359	0.94516
360	0.94516
361	0.94516
362	0.94516
363	0.94516
364	0.94516
365	0.94516
366	0.94516
367	0.94516
368	0.94516
369	0.94516
370	0.94516
371	0.94516
372	0.94516
373	0.94516
374	0.94516
375	0.94516
376	0.94516
377	0.94516
378	0.94516
379	0.94516
380	0.94516
381	0.94516
382	0.94516
383	0.94516
384	0.94516
385	0.94516
386	0.94516
387	0.94516
388	0.94516
389	0.94516
390	0.94516
391	0.94516
392	0.94516
393	0.94516
394	0.94516
395	0.94516
396	0.94516
397	0.94516
398	0.94516
399	0.94516
400	0.94516
401	0.94516
402	0.94516
403	0.94516
404	0.94516
405	0.94516
406	0.94516
407	0.94516
408	0.94516
409	0.94516
410	0.94516
411	0.94516
412	0.94516
413	0.94516
414	0.94516
415	0.94516
416	0.94516
417	0.94516
418	0.94516
419	0.94516
420	0.94516
421	0.94516
422	0.94516
423	0.94516
424	0.94516
425	0.94516
426	0.94516
427	0.94516
428	0.94516
429	0.94516
430	0.94516
431	0.94516
432	0.94516
433	0.94516
434	0.94516
435	0.94516
436	0.94516
437	0.94516
438	0.94516
439	0.94516
440	0.94516
441	0.94516
442	0.94516
443	0.94516
444	0.94516
445	0.94516
446	0.94516
447	0.94516
448	0.94516
449	0.94516
450	0.94516
451	0.94516
452	0.94516
453	0.94516
454	0.94516
455	0.94516
456	0.94516
457	0.94516
458	0.94516
459	0.94516
460	0.94516
461	0.94516
462	0.94516
463	0.94516
464	0.94516
465	0.94516
466	0.94516
467	0.94516
468	0.94516
469	0.94516
470	0.94516
471	0.94516
472	0.94516
473	0.94516
474	0.94516
475	0.94516
476	0.94516
477	0.94516
478	0.94516
479	0.94516
480	0.94516
481	0.94516
482	0.94516
483	0.94516
484	0.94516
485	0.94516
486	0.94516
487	0.94516
488	0.94516
489	0.94516
490	0.94516
491	0.94516
492	0.94516
493	0.94516
494	0.94516
495	0.94516
496	0.94516
497	0.94516
498	0.94516
499	0.94516
500	0.94516
501	0.94516
502	0.94516
503	0.94516
504	0.94516
505	0.94516
506	0.94516
507	0.94516
508	0.94516
509	0.94516
510	0.94516
511	0.94516
512	0.94516
513	0.94516
514	0.94516
515	0.94516
516	0.94516
517	0.94516
518	0.94516
519	0.94516
520	0.94516
521	0.94516
522	0.94516
523	0.94516
524	0.94516
525	0.94516
526	0.94516
527	0.94516
528	0.94516
529	0.94516
530	0.94516
531	0.94516
532	0.94516
533	0.94516
534	0.94516
535	0.94516
536	0.94516
537	0.94516
538	0.94516
539	0.94516
540	0.94516
541	0.94516
542	0.94516
543	0.94516
544	0.94516
545	0.94516
546	0.94516
547	0.94516
548	0.94516
549	0.94516
550	0.94516
551	0.94516
552	0.94516
553	0.94516
554	0.94516
555	0.94516
556	0.94516
557	0.94516
558	0.94516
559	0.94516
560	0.94516
561	0.94516
562	0.94516
563	0.94516
564	0.94516
565	0.94516
566	0.94516
567	0.94516
568	0.94516
569	0.94516
570	0.94516
571	0.94516
572	0.94516
573	0.94516
574	0.94516
575	0.94516
576	0.94516
577	0.94516
578	0.94516
579	0.94516
580	0.94516
581	0.94516
582	0.94516
583	0.94516
584	0.94516
585	0.94516
586	0.94516
587	0.94516
588	0.94516
