1 1.1
2 1.1
3 1.2
4 1.1
5 1.1699
6 1.2398
7 1.3098
8 1.3797
9 1.4496
10 1.5195
11 1.5895
12 1.6
13 1.6
14 1.6
15 1.6
16 1.6
17 1.6
18 1.6
19 1.6
20 1.5929
21 1.5725
22 1.5456
23 1.5193
24 1.4939
25 1.4691
26 1.4442
27 1.4189
28 1.3929
29 1.3658
30 1.3383
31 1.3123
32 1.2897
33 1.2707
34 1.2551
35 1.2424
36 1.2325
37 1.2254
38 1.2211
39 1.22
40 1.2222
41 1.2276
42 1.2358
43 1.2461
44 1.2579
45 1.2709
46 1.2845
47 1.2984
48 1.3122
49 1.3256
50 1.338
51 1.3491
52 1.3583
53 1.3654
54 1.3702
55 1.3726
56 1.3725
57 1.37
58 1.3652
59 1.3582
60 1.3492
61 1.3384
62 1.3263
63 1.3131
64 1.2994
65 1.2855
66 1.2719
67 1.259
68 1.2471
69 1.2367
70 1.2281
71 1.2216
72 1.2174
73 1.2156
74 1.2163
75 1.2196
76 1.2253
77 1.2334
78 1.2437
79 1.2558
80 1.2695
81 1.2843
82 1.3
83 1.3161
84 1.3321
85 1.3476
86 1.3621
87 1.3754
88 1.387
89 1.3966
90 1.4039
91 1.4087
92 1.411
93 1.4106
94 1.4076
95 1.402
96 1.394
97 1.3838
98 1.3717
99 1.3581
100 1.3433
101 1.3277
102 1.3117
103 1.2959
104 1.2806
105 1.2662
106 1.2532
107 1.2419
108 1.2326
109 1.2256
110 1.221
111 1.2191
112 1.2197
113 1.2229
114 1.2286
115 1.2366
116 1.2468
117 1.2587
118 1.2721
119 1.2866
120 1.3017
121 1.3171
122 1.3323
123 1.3469
124 1.3605
125 1.3726
126 1.383
127 1.3914
128 1.3975
129 1.4011
130 1.4022
131 1.4008
132 1.3968
133 1.3904
134 1.3818
135 1.3712
136 1.3589
137 1.3453
138 1.3308
139 1.3157
140 1.3005
141 1.2856
142 1.2715
143 1.2584
144 1.2469
145 1.2372
146 1.2296
147 1.2243
148 1.2214
149 1.2211
150 1.2233
151 1.228
152 1.235
153 1.2442
154 1.2552
155 1.2678
156 1.2817
157 1.2963
158 1.3114
159 1.3265
160 1.3411
161 1.3549
162 1.3675
163 1.3785
164 1.3876
165 1.3945
166 1.3992
167 1.4014
168 1.4011
169 1.3982
170 1.393
171 1.3854
172 1.3758
173 1.3645
174 1.3516
175 1.3377
176 1.323
177 1.308
178 1.2932
179 1.2789
180 1.2655
181 1.2535
182 1.243
183 1.2346
184 1.2282
185 1.2243
186 1.2228
187 1.2237
188 1.2272
189 1.233
190 1.241
191 1.251
192 1.2627
193 1.2757
194 1.2897
195 1.3043
196 1.3191
197 1.3337
198 1.3477
199 1.3606
200 1.3721
201 1.3819
202 1.3897
203 1.3954
204 1.3986
205 1.3995
206 1.3978
207 1.3938
208 1.3874
209 1.3789
210 1.3686
211 1.3566
212 1.3434
213 1.3294
214 1.3148
215 1.3002
216 1.2859
217 1.2723
218 1.2599
219 1.2489
220 1.2397
221 1.2325
222 1.2276
223 1.225
224 1.2248
225 1.2271
226 1.2317
227 1.2386
228 1.2475
229 1.2582
230 1.2704
231 1.2838
232 1.2979
233 1.3123
234 1.3268
235 1.3408
236 1.3539
237 1.3659
238 1.3763
239 1.3849
240 1.3914
241 1.3957
242 1.3976
243 1.3971
244 1.3942
245 1.389
246 1.3817
247 1.3723
248 1.3613
249 1.3489
250 1.3355
251 1.3214
252 1.307
253 1.2928
254 1.2792
255 1.2664
256 1.255
257 1.2451
258 1.2371
259 1.2313
260 1.2276
261 1.2264
262 1.2275
263 1.231
264 1.2368
265 1.2446
266 1.2543
267 1.2656
268 1.2782
269 1.2917
270 1.3058
271 1.32
272 1.3339
273 1.3472
274 1.3595
275 1.3705
276 1.3797
277 1.3871
278 1.3923
279 1.3953
280 1.3959
281 1.3941
282 1.3901
283 1.3838
284 1.3755
285 1.3654
286 1.3539
287 1.3411
288 1.3276
289 1.3136
290 1.2996
291 1.2859
292 1.273
293 1.2611
294 1.2507
295 1.242
296 1.2353
297 1.2307
298 1.2284
299 1.2284
300 1.2308
301 1.2354
302 1.2422
303 1.2509
304 1.2613
305 1.2731
306 1.2859
307 1.2995
308 1.3134
309 1.3272
310 1.3406
311 1.3531
312 1.3645
313 1.3744
314 1.3825
315 1.3886
316 1.3925
317 1.3942
318 1.3935
319 1.3906
320 1.3854
321 1.3782
322 1.3691
323 1.3584
324 1.3464
325 1.3335
326 1.3199
327 1.3061
328 1.2925
329 1.2795
330 1.2674
331 1.2565
332 1.2472
333 1.2397
334 1.2342
335 1.2309
336 1.2299
337 1.2311
338 1.2346
339 1.2403
340 1.248
341 1.2574
342 1.2684
343 1.2805
344 1.2936
345 1.3071
346 1.3207
347 1.334
348 1.3467
349 1.3584
350 1.3688
351 1.3776
352 1.3845
353 1.3893
354 1.392
355 1.3924
356 1.3905
357 1.3865
358 1.3803
359 1.3722
360 1.3624
361 1.3512
362 1.3389
363 1.3259
364 1.3125
365 1.299
366 1.286
367 1.2736
368 1.2624
369 1.2525
370 1.2443
371 1.238
372 1.2338
373 1.2317
374 1.2319
375 1.2344
376 1.239
377 1.2456
378 1.2541
379 1.2642
380 1.2756
381 1.288
382 1.301
383 1.3143
384 1.3276
385 1.3404
386 1.3523
387 1.3631
388 1.3725
389 1.3801
390 1.3858
391 1.3894
392 1.3908
393 1.39
394 1.387
395 1.3819
396 1.3748
397 1.366
398 1.3556
399 1.3441
400 1.4441
401 1.3441
402 1.4008
403 1.4577
404 1.5151
405 1.5735
406 1.6
407 1.6
408 1.6
409 1.6
410 1.6
411 1.6
412 1.6
413 1.6
414 1.6
415 1.6
416 1.6
417 1.6
418 1.6
419 1.6
420 1.6
421 1.6
422 1.6
423 1.6
424 1.6
425 1.6
426 1.6
427 1.6
428 1.6
429 1.6
430 1.6
431 1.6
432 1.6
433 1.6
434 1.6
435 1.6
436 1.6
437 1.5992
438 1.5975
439 1.5948
440 1.5911
441 1.5865
442 1.581
443 1.5747
444 1.5675
445 1.5595
446 1.5507
447 1.5413
448 1.5314
449 1.5214
450 1.5113
451 1.5014
452 1.4919
453 1.483
454 1.4749
455 1.4677
456 1.4617
457 1.4569
458 1.4535
459 1.4516
460 1.4512
461 1.4523
462 1.4549
463 1.4588
464 1.4641
465 1.4706
466 1.478
467 1.4863
468 1.4952
469 1.5045
470 1.5139
471 1.5232
472 1.5321
473 1.5405
474 1.5482
475 1.5549
476 1.5605
477 1.5649
478 1.5679
479 1.5696
480 1.5698
481 1.5687
482 1.5662
483 1.5625
484 1.5576
485 1.5518
486 1.5452
487 1.538
488 1.5305
489 1.5228
490 1.5152
491 1.5079
492 1.5011
493 1.495
494 1.4898
495 1.4856
496 1.4826
497 1.4808
498 1.4803
499 1.4811
500 1.4831
501 1.4864
502 1.4908
503 1.4962
504 1.5024
505 1.5092
506 1.5165
507 1.5241
508 1.5317
509 1.5391
510 1.5461
511 1.5524
512 1.558
513 1.5627
514 1.5662
515 1.5686
516 1.5697
517 1.5696
518 1.5681
519 1.5654
520 1.5615
521 1.5566
522 1.5507
523 1.5441
524 1.5368
525 1.5292
526 1.5214
527 1.5137
528 1.5062
529 1.4992
530 1.4929
531 1.4874
532 1.4829
533 1.4795
534 1.4773
535 1.4764
536 1.4768
537 1.4785
538 1.4814
539 1.4855
540 1.4906
541 1.4966
542 1.5034
543 1.5106
544 1.5182
545 1.526
546 1.5336
547 1.5409
548 1.5477
549 1.5538
550 1.5591
551 1.5633
552 1.5664
553 1.5682
554 1.5688
555 1.5682
556 1.5662
557 1.5631
558 1.5588
559 1.5535
560 1.5474
561 1.5407
562 1.5334
563 1.5259
564 1.5183
565 1.5109
566 1.5038
567 1.4972
568 1.4914
569 1.4866
570 1.4827
571 1.48
572 1.4785
573 1.4783
574 1.4793
575 1.4816
576 1.485
577 1.4895
578 1.4949
579 1.5012
580 1.508
581 1.5153
582 1.5228
583 1.5303
584 1.5376
585 1.5444
586 1.5507
587 1.5562
588 1.5608
589 1.5643
590 1.5666
591 1.5678
592 1.5677
593 1.5663
594 1.5637
595 1.56
596 1.5553
597 1.5497
598 1.5433
599 1.5364
600 1.5291
601 1.5217
602 1.5143
603 1.5071
604 1.5005
605 1.4944
606 1.4892
607 1.485
608 1.4818
609 1.4798
610 1.479
611 1.4794
612 1.4811
613 1.484
614 1.4879
615 1.4929
616 1.4986
617 1.5051
618 1.5121
619 1.5193
620 1.5267
621 1.534
622 1.5409
623 1.5474
624 1.5531
625 1.558
626 1.562
627 1.5648
628 1.5665
629 1.567
630 1.5662
631 1.5642
632 1.5611
633 1.5569
634 1.5518
635 1.5459
636 1.5393
637 1.5323
638 1.5251
639 1.5178
640 1.5107
641 1.5039
642 1.4977
643 1.4922
644 1.4876
645 1.484
646 1.4815
647 1.4801
648 1.48
649 1.4811
650 1.4834
651 1.4868
652 1.4912
653 1.4965
654 1.5025
655 1.5091
656 1.5161
657 1.5233
658 1.5305
659 1.5375
660 1.544
661 1.55
662 1.5552
663 1.5595
664 1.5628
665 1.565
666 1.566
667 1.5658
668 1.5644
669 1.5618
670 1.5582
671 1.5536
672 1.5481
673 1.542
674 1.5353
675 1.5283
676 1.5212
677 1.5141
678 1.5073
679 1.5009
680 1.4952
681 1.4903
682 1.4863
683 1.4833
684 1.4815
685 1.4808
686 1.4813
687 1.483
688 1.4858
689 1.4897
690 1.4945
691 1.5001
692 1.5064
693 1.5131
694 1.52
695 1.5271
696 1.5341
697 1.5407
698 1.5468
699 1.5523
700 1.557
701 1.5607
702 1.5633
703 1.5648
704 1.5652
705 1.5643
706 1.5623
707 1.5593
708 1.5552
709 1.5502
710 1.5445
711 1.5381
712 1.5314
713 1.5245
714 1.5175
715 1.5107
716 1.5042
717 1.4983
718 1.4931
719 1.4887
720 1.4853
721 1.483
722 1.4818
723 1.4818
724 1.4829
725 1.4852
726 1.4885
727 1.4928
728 1.498
729 1.5038
730 1.5102
731 1.5169
732 1.5238
733 1.5307
734 1.5374
735 1.5437
736 1.5493
737 1.5543
738 1.5583
739 1.5614
740 1.5634
741 1.5643
742 1.564
743 1.5626
744 1.56
745 1.5565
746 1.552
747 1.5467
748 1.5408
749 1.5343
750 1.5276
751 1.5207
752 1.514
753 1.5075
754 1.5014
755 1.496
756 1.4913
757 1.4875
758 1.4848
759 1.4831
760 1.4825
761 1.4831
762 1.4848
763 1.4876
764 1.4914
765 1.4961
766 1.5015
767 1.5075
768 1.514
769 1.5207
770 1.5275
771 1.5341
772 1.5405
773 1.5463
774 1.5515
775 1.5559
776 1.5594
777 1.5618
778 1.5632
779 1.5634
780 1.5625
781 1.5606
782 1.5575
783 1.5535
784 1.5487
785 1.5431
786 1.537
787 1.5306
788 1.5239
789 1.5172
790 1.5107
791 1.5045
792 1.4989
793 1.494
794 1.4899
795 1.4867
796 1.4845
797 1.4835
798 1.4835
799 1.4847
800 1.3847
801 1.4847
802 1.419
803 1.354
804 1.2898
805 1.226
806 1.1626
807 1.0993
808 1.0359
809 0.97238
810 0.91978
811 0.86609
812 0.80893
813 0.76585
814 0.73613
815 0.71926
816 0.71484
817 0.72266
818 0.74258
819 0.77461
820 0.81756
821 0.87053
822 0.93422
823 1.0076
824 1.088
825 1.1728
826 1.26
827 1.3472
828 1.4326
829 1.5139
830 1.5893
831 1.6
832 1.6
833 1.6
834 1.6
835 1.6
836 1.6
837 1.5948
838 1.5762
839 1.5449
840 1.5018
841 1.4544
842 1.4102
843 1.3693
844 1.3309
845 1.2943
846 1.2587
847 1.2244
848 1.1928
849 1.1662
850 1.1469
851 1.136
852 1.133
853 1.137
854 1.1471
855 1.1626
856 1.1833
857 1.2088
858 1.2389
859 1.2727
860 1.3092
861 1.3468
862 1.384
863 1.4197
864 1.4528
865 1.4823
866 1.5077
867 1.528
868 1.5426
869 1.551
870 1.5528
871 1.5477
872 1.5358
873 1.5176
874 1.4935
875 1.4642
876 1.4304
877 1.3931
878 1.3533
879 1.3119
880 1.2702
881 1.2293
882 1.1905
883 1.1546
884 1.1229
885 1.0961
886 1.0751
887 1.0603
888 1.0522
889 1.051
890 1.0568
891 1.0695
892 1.0886
893 1.1137
894 1.1441
895 1.1789
896 1.2172
897 1.2579
898 1.2998
899 1.342
900 1.383
901 1.422
902 1.4577
903 1.4891
904 1.5155
905 1.5362
906 1.5504
907 1.558
908 1.5586
909 1.5523
910 1.5393
911 1.5199
912 1.4948
913 1.4646
914 1.4302
915 1.3925
916 1.3527
917 1.3119
918 1.2711
919 1.2316
920 1.1945
921 1.1608
922 1.1313
923 1.1071
924 1.0887
925 1.0766
926 1.0712
927 1.0725
928 1.0807
929 1.0954
930 1.1161
931 1.1424
932 1.1734
933 1.2083
934 1.2461
935 1.2857
936 1.326
937 1.3659
938 1.4043
939 1.44
940 1.4721
941 1.4996
942 1.5219
943 1.5382
944 1.5482
945 1.5515
946 1.5481
947 1.5381
948 1.5216
949 1.4994
950 1.4718
951 1.4398
952 1.4042
953 1.3661
954 1.3264
955 1.2864
956 1.2471
957 1.2097
958 1.1751
959 1.1444
960 1.1184
961 1.0978
962 1.0833
963 1.0751
964 1.0736
965 1.0788
966 1.0905
967 1.1083
968 1.1319
969 1.1604
970 1.1931
971 1.2292
972 1.2675
973 1.3069
974 1.3465
975 1.3851
976 1.4215
977 1.4548
978 1.4841
979 1.5085
980 1.5273
981 1.5401
982 1.5464
983 1.5462
984 1.5393
985 1.5261
986 1.5069
987 1.4823
988 1.4528
989 1.4195
990 1.3832
991 1.3449
992 1.3057
993 1.2667
994 1.229
995 1.1937
996 1.1618
997 1.134
998 1.1113
999 1.0943
1000 1.0833
1001 1.0788
1002 1.0808
1003 1.0893
1004 1.104
1005 1.1245
1006 1.1503
1007 1.1805
1008 1.2144
1009 1.251
1010 1.2892
1011 1.328
1012 1.3664
1013 1.4031
1014 1.4372
1015 1.4678
1016 1.494
1017 1.515
1018 1.5303
1019 1.5394
1020 1.5421
1021 1.5384
1022 1.5283
1023 1.5122
1024 1.4904
1025 1.4636
1026 1.4326
1027 1.3983
1028 1.3615
1029 1.3234
1030 1.285
1031 1.2474
1032 1.2116
1033 1.1787
1034 1.1496
1035 1.125
1036 1.1056
1037 1.0921
1038 1.0848
1039 1.0838
1040 1.0892
1041 1.1008
1042 1.1184
1043 1.1413
1044 1.169
1045 1.2007
1046 1.2354
1047 1.2723
1048 1.3102
1049 1.3481
1050 1.3849
1051 1.4196
1052 1.4513
1053 1.479
1054 1.502
1055 1.5196
1056 1.5314
1057 1.537
1058 1.5362
1059 1.5292
1060 1.5161
1061 1.4972
1062 1.4732
1063 1.4446
1064 1.4124
1065 1.3773
1066 1.3405
1067 1.3029
1068 1.2656
1069 1.2296
1070 1.1959
1071 1.1656
1072 1.1393
1073 1.118
1074 1.102
1075 1.092
1076 1.0882
1077 1.0906
1078 1.0992
1079 1.1138
1080 1.1339
1081 1.1589
1082 1.1882
1083 1.221
1084 1.2562
1085 1.293
1086 1.3303
1087 1.3669
1088 1.402
1089 1.4345
1090 1.4636
1091 1.4883
1092 1.5081
1093 1.5223
1094 1.5306
1095 1.5327
1096 1.5286
1097 1.5185
1098 1.5026
1099 1.4813
1100 1.4553
1101 1.4253
1102 1.3921
1103 1.3567
1104 1.3201
1105 1.2833
1106 1.2473
1107 1.2132
1108 1.1818
1109 1.1542
1110 1.131
1111 1.1128
1112 1.1003
1113 1.0937
1114 1.0933
1115 1.0989
1116 1.1106
1117 1.1278
1118 1.1502
1119 1.1771
1120 1.2077
1121 1.2412
1122 1.2767
1123 1.3131
1124 1.3494
1125 1.3846
1126 1.4177
1127 1.4478
1128 1.4741
1129 1.4957
1130 1.5122
1131 1.523
1132 1.5279
1133 1.5268
1134 1.5195
1135 1.5065
1136 1.488
1137 1.4646
1138 1.4369
1139 1.4057
1140 1.372
1141 1.3365
1142 1.3004
1143 1.2647
1144 1.2303
1145 1.1983
1146 1.1694
1147 1.1446
1148 1.1245
1149 1.1096
1150 1.1005
1151 1.0972
1152 1.1
1153 1.1087
1154 1.1231
1155 1.1428
1156 1.1672
1157 1.1956
1158 1.2272
1159 1.2612
1160 1.2965
1161 1.3323
1162 1.3674
1163 1.4009
1164 1.4318
1165 1.4594
1166 1.4828
1167 1.5013
1168 1.5145
1169 1.522
1170 1.5236
1171 1.5193
1172 1.5091
1173 1.4934
1174 1.4726
1175 1.4473
1176 1.4183
1177 1.3862
1178 1.3522
1179 1.317
1180 1.2817
1181 1.2473
1182 1.2147
1183 1.1849
1184 1.1587
1185 1.1368
1186 1.1198
1187 1.1082
1188 1.1024
1189 1.1024
1190 1.1083
1191 1.1198
1192 1.1368
1193 1.1586
1194 1.1847
1195 1.2143
1196 1.2467
1197 1.2808
1198 1.3157
1199 1.3505
1200 1.2505
1201 1.3505
1202 1.2742
1203 1.1942
1204 1.1097
1205 1.0203
1206 0.92534
1207 0.82534
1208 0.72534
1209 0.62534
1210 0.6
1211 0.6
1212 0.6
1213 0.6
1214 0.6
1215 0.6
1216 0.6
1217 0.6
1218 0.60764
1219 0.63439
1220 0.67179
1221 0.70954
1222 0.74574
1223 0.78119
1224 0.81655
1225 0.85239
1226 0.88917
1227 0.92729
1228 0.9662
1229 1.0033
1230 1.0357
1231 1.0627
1232 1.0849
1233 1.1026
1234 1.1162
1235 1.1257
1236 1.131
1237 1.1317
1238 1.1278
1239 1.1191
1240 1.1063
1241 1.0903
1242 1.0721
1243 1.0522
1244 1.0314
1245 1.0101
1246 0.989
1247 0.96865
1248 0.94972
1249 0.9329
1250 0.91879
1251 0.90787
1252 0.90045
1253 0.89667
1254 0.89658
1255 0.90016
1256 0.90729
1257 0.91777
1258 0.9313
1259 0.94749
1260 0.96582
1261 0.98573
1262 1.0066
1263 1.0277
1264 1.0485
1265 1.0683
1266 1.0866
1267 1.1027
1268 1.1162
1269 1.1266
1270 1.1336
1271 1.1369
1272 1.1365
1273 1.1322
1274 1.1242
1275 1.1126
1276 1.0978
1277 1.0801
1278 1.06
1279 1.0381
1280 1.0148
1281 0.99096
1282 0.96708
1283 0.94386
1284 0.92194
1285 0.90192
1286 0.88435
1287 0.8697
1288 0.85839
1289 0.85073
1290 0.84692
1291 0.84707
1292 0.85117
1293 0.85911
1294 0.87066
1295 0.8855
1296 0.90323
1297 0.92334
1298 0.94529
1299 0.96845
1300 0.99219
1301 1.0159
1302 1.0388
1303 1.0604
1304 1.08
1305 1.0971
1306 1.1112
1307 1.122
1308 1.1292
1309 1.1325
1310 1.1319
1311 1.1275
1312 1.1192
1313 1.1075
1314 1.0927
1315 1.075
1316 1.0552
1317 1.0337
1318 1.0111
1319 0.98804
1320 0.96524
1321 0.94331
1322 0.92286
1323 0.90446
1324 0.88863
1325 0.87581
1326 0.86636
1327 0.86054
1328 0.8585
1329 0.8603
1330 0.86589
1331 0.8751
1332 0.88767
1333 0.90324
1334 0.92136
1335 0.94154
1336 0.96319
1337 0.98571
1338 1.0085
1339 1.0308
1340 1.0521
1341 1.0718
1342 1.0893
1343 1.1041
1344 1.1158
1345 1.1241
1346 1.1287
1347 1.1296
1348 1.1267
1349 1.1201
1350 1.1099
1351 1.0965
1352 1.0803
1353 1.0616
1354 1.0411
1355 1.0193
1356 0.9968
1357 0.97425
1358 0.95228
1359 0.9315
1360 0.9125
1361 0.89581
1362 0.88189
1363 0.87113
1364 0.86382
1365 0.86018
1366 0.8603
1367 0.86416
1368 0.87166
1369 0.88259
1370 0.89663
1371 0.91339
1372 0.93239
1373 0.9531
1374 0.97494
1375 0.99729
1376 1.0195
1377 1.041
1378 1.0612
1379 1.0794
1380 1.0953
1381 1.1083
1382 1.118
1383 1.1243
1384 1.127
1385 1.1259
1386 1.1211
1387 1.1127
1388 1.1011
1389 1.0864
1390 1.0692
1391 1.0499
1392 1.0291
1393 1.0073
1394 0.98515
1395 0.96329
1396 0.94233
1397 0.92284
1398 0.90538
1399 0.89044
1400 0.87842
1401 0.86966
1402 0.86441
1403 0.8628
1404 0.86488
1405 0.87059
1406 0.87976
1407 0.89213
1408 0.90735
1409 0.92499
1410 0.94456
1411 0.96549
1412 0.98721
1413 1.0091
1414 1.0305
1415 1.0509
1416 1.0697
1417 1.0864
1418 1.1004
1419 1.1115
1420 1.1192
1421 1.1235
1422 1.1241
1423 1.121
1424 1.1144
1425 1.1045
1426 1.0914
1427 1.0757
1428 1.0576
1429 1.0379
1430 1.0169
1431 0.99527
1432 0.97367
1433 0.95266
1434 0.93284
1435 0.91476
1436 0.89894
1437 0.8858
1438 0.87571
1439 0.86897
1440 0.86574
1441 0.86611
1442 0.87009
1443 0.87753
1444 0.88824
1445 0.90191
1446 0.91816
1447 0.93652
1448 0.95648
1449 0.97747
1450 0.99891
1451 1.0202
1452 1.0407
1453 1.0599
1454 1.0773
1455 1.0922
1456 1.1045
1457 1.1136
1458 1.1193
1459 1.1216
1460 1.1202
1461 1.1154
1462 1.1071
1463 1.0957
1464 1.0814
1465 1.0647
1466 1.0461
1467 1.026
1468 1.0051
1469 0.98382
1470 0.9629
1471 0.94289
1472 0.92433
1473 0.90775
1474 0.89362
1475 0.88233
1476 0.87418
1477 0.86941
1478 0.86815
1479 0.87042
1480 0.87616
1481 0.88521
1482 0.89731
1483 0.91211
1484 0.92919
1485 0.94808
1486 0.96824
1487 0.98911
1488 1.0101
1489 1.0306
1490 1.0501
1491 1.068
1492 1.0838
1493 1.097
1494 1.1074
1495 1.1146
1496 1.1184
1497 1.1187
1498 1.1155
1499 1.1089
1500 1.0991
1501 1.0864
1502 1.0711
1503 1.0536
1504 1.0346
1505 1.0144
1506 0.99362
1507 0.97292
1508 0.95284
1509 0.93394
1510 0.91675
1511 0.90175
1512 0.88936
1513 0.87993
1514 0.87371
1515 0.87088
1516 0.87151
1517 0.87559
1518 0.88298
1519 0.89349
1520 0.90681
1521 0.92256
1522 0.94031
1523 0.95955
1524 0.97974
1525 1.0003
1526 1.0207
1527 1.0403
1528 1.0586
1529 1.0751
1530 1.0893
1531 1.1008
1532 1.1093
1533 1.1145
1534 1.1164
1535 1.1149
1536 1.1099
1537 1.1018
1538 1.0906
1539 1.0767
1540 1.0605
1541 1.0425
1542 1.0232
1543 1.003
1544 0.98267
1545 0.96265
1546 0.94354
1547 0.92587
1548 0.91013
1549 0.89678
1550 0.88617
1551 0.8786
1552 0.87428
1553 0.87333
1554 0.87577
1555 0.88154
1556 0.89045
1557 0.90227
1558 0.91665
1559 0.93319
1560 0.95142
1561 0.97084
1562 0.99089
1563 1.011
1564 1.0306
1565 1.0492
1566 1.0662
1567 1.0812
1568 1.0937
1569 1.1034
1570 1.1101
1571 1.1135
1572 1.1135
1573 1.1102
1574 1.1036
1575 1.094
1576 1.0816
1577 1.0667
1578 1.0499
1579 1.0314
1580 1.012
1581 0.99209
1582 0.97226
1583 0.95307
1584 0.93505
1585 0.91871
1586 0.9045
1587 0.89283
1588 0.88401
1589 0.87829
1590 0.87583
1591 0.8767
1592 0.88086
1593 0.88819
1594 0.89849
1595 0.91146
1596 0.92674
1597 0.94389
1598 0.96244
1599 0.98186
1600 1.0016
