1 2.5
2 2.5
3 2.5
4 2.5
5 2.5
6 2.5
7 2.5
8 2.5
9 2.5
10 2.5
11 2.5
12 2.5
13 2.5003
14 2.5008
15 2.5014
16 2.5025
17 2.5043
18 2.5072
19 2.5113
20 2.5167
21 2.5237
22 2.5321
23 2.5417
24 2.5522
25 2.5635
26 2.5753
27 2.5875
28 2.6
29 2.6126
30 2.6252
31 2.6377
32 2.65
33 2.6617
34 2.6728
35 2.6833
36 2.6929
37 2.7017
38 2.7095
39 2.7165
40 2.7224
41 2.7273
42 2.7312
43 2.7342
44 2.7362
45 2.7373
46 2.7376
47 2.7372
48 2.7362
49 2.7346
50 2.7326
51 2.7303
52 2.7277
53 2.725
54 2.7223
55 2.7196
56 2.717
57 2.7147
58 2.7126
59 2.7108
60 2.7094
61 2.7083
62 2.7075
63 2.7072
64 2.7071
65 2.7073
66 2.7078
67 2.7085
68 2.7093
69 2.7102
70 2.7112
71 2.7121
72 2.7129
73 2.7135
74 2.7139
75 2.7141
76 2.714
77 2.7136
78 2.7128
79 2.7117
80 2.7103
81 2.7086
82 2.7066
83 2.7044
84 2.7019
85 2.6994
86 2.6968
87 2.6941
88 2.6916
89 2.6891
90 2.6869
91 2.6849
92 2.6832
93 2.6818
94 2.6809
95 2.6803
96 2.6802
97 2.6805
98 2.6813
99 2.6825
100 2.6841
101 2.6861
102 2.6883
103 2.6908
104 2.6935
105 2.6963
106 2.6991
107 2.7019
108 2.7046
109 2.7071
110 2.7094
111 2.7114
112 2.7131
113 2.7144
114 2.7152
115 2.7156
116 2.7156
117 2.7152
118 2.7143
119 2.713
120 2.7114
121 2.7095
122 2.7073
123 2.7049
124 2.7025
125 2.7
126 2.6975
127 2.6951
128 2.6928
129 2.6908
130 2.6891
131 2.6877
132 2.6867
133 2.686
134 2.6858
135 2.686
136 2.6866
137 2.6876
138 2.689
139 2.6906
140 2.6926
141 2.6948
142 2.6971
143 2.6995
144 2.702
145 2.7044
146 2.7066
147 2.7087
148 2.7106
149 2.7121
150 2.7133
151 2.7142
152 2.7146
153 2.7146
154 2.7142
155 2.7135
156 2.7123
157 2.7108
158 2.709
159 2.7069
160 2.7047
161 2.7023
162 2.6998
163 2.6974
164 2.695
165 2.6928
166 2.6907
167 2.6889
168 2.6875
169 2.6863
170 2.6856
171 2.6853
172 2.6853
173 2.6858
174 2.6867
175 2.6879
176 2.6895
177 2.6914
178 2.6935
179 2.6958
180 2.6982
181 2.7006
182 2.703
183 2.7054
184 2.7076
185 2.7095
186 2.7112
187 2.7126
188 2.7136
189 2.7143
190 2.7145
191 2.7143
192 2.7138
193 2.7128
194 2.7115
195 2.7099
196 2.708
197 2.7058
198 2.7036
199 2.7012
200 2.6988
201 2.6964
202 2.6941
203 2.692
204 2.6901
205 2.6885
206 2.6873
207 2.6864
208 2.6858
209 2.6857
210 2.686
211 2.6866
212 2.6877
213 2.6891
214 2.6908
215 2.6927
216 2.6949
217 2.6972
218 2.6995
219 2.7019
220 2.7042
221 2.7064
222 2.7085
223 2.7102
224 2.7117
225 2.7129
226 2.7137
227 2.7141
228 2.7141
229 2.7138
230 2.713
231 2.7119
232 2.7104
233 2.7087
234 2.7067
235 2.7045
236 2.7022
237 2.6998
238 2.6975
239 2.6952
240 2.6931
241 2.6911
242 2.6894
243 2.688
244 2.687
245 2.6863
246 2.686
247 2.6861
248 2.6865
249 2.6874
250 2.6886
251 2.6901
252 2.6919
253 2.694
254 2.6962
255 2.6985
256 2.7008
257 2.7031
258 2.7053
259 2.7074
260 2.7093
261 2.7109
262 2.7122
263 2.7131
264 2.7137
265 2.7139
266 2.7137
267 2.7131
268 2.7122
269 2.7109
270 2.7093
271 2.7075
272 2.7054
273 2.7032
274 2.7009
275 2.6986
276 2.6963
277 2.6942
278 2.6922
279 2.6904
280 2.6889
281 2.6877
282 2.6868
283 2.6864
284 2.6863
285 2.6866
286 2.6872
287 2.6883
288 2.6896
289 2.6913
290 2.6931
291 2.6952
292 2.6974
293 2.6997
294 2.702
295 2.7042
296 2.7063
297 2.7083
298 2.71
299 2.7114
300 2.7125
301 2.7132
302 2.7136
303 2.7135
304 2.7132
305 2.7124
306 2.7113
307 2.7099
308 2.7082
309 2.7062
310 2.7041
311 2.7019
312 2.6997
313 2.6974
314 2.6952
315 2.6932
316 2.6913
317 2.6897
318 2.6884
319 2.6874
320 2.6868
321 2.6865
322 2.6867
323 2.6871
324 2.688
325 2.6892
326 2.6907
327 2.6924
328 2.6944
329 2.6965
330 2.6987
331 2.7009
332 2.7031
333 2.7053
334 2.7072
335 2.709
336 2.7105
337 2.7117
338 2.7126
339 2.7132
340 2.7133
341 2.7131
342 2.7125
343 2.7116
344 2.7103
345 2.7088
346 2.707
347 2.705
348 2.7029
349 2.7007
350 2.6985
351 2.6963
352 2.6942
353 2.6923
354 2.6906
355 2.6892
356 2.6881
357 2.6873
358 2.6869
359 2.6868
360 2.6871
361 2.6878
362 2.6888
363 2.6902
364 2.6917
365 2.6936
366 2.6956
367 2.6977
368 2.6999
369 2.7021
370 2.7042
371 2.7062
372 2.7081
373 2.7097
374 2.711
375 2.712
376 2.7127
377 2.713
378 2.713
379 2.7126
380 2.7118
381 2.7107
382 2.7093
383 2.7077
384 2.7058
385 2.7038
386 2.7017
387 2.6995
388 2.6974
389 2.6953
390 2.6933
391 2.6916
392 2.6901
393 2.6888
394 2.6879
395 2.6873
396 2.6871
397 2.6872
398 2.6877
399 2.6886
400 2.6897
401 2.6912
402 2.6929
403 2.6947
404 2.6968
405 2.6989
406 2.7011
407 2.7032
408 2.7052
409 2.7071
410 2.7091
411 2.7111
412 2.7132
413 2.7154
414 2.7182
415 2.7216
416 2.7259
417 2.731
418 2.7366
419 2.7426
420 2.7491
421 2.7557
422 2.7626
423 2.7696
424 2.7766
425 2.7836
426 2.7906
427 2.7975
428 2.8043
429 2.811
430 2.8175
431 2.8239
432 2.8301
433 2.8362
434 2.842
435 2.8477
436 2.8532
437 2.8584
438 2.8635
439 2.8684
440 2.8732
441 2.8777
442 2.882
443 2.8862
444 2.8902
445 2.894
446 2.8977
447 2.9012
448 2.9046
449 2.9078
450 2.9108
451 2.9136
452 2.9162
453 2.9186
454 2.9208
455 2.9227
456 2.9243
457 2.9257
458 2.9268
459 2.9275
460 2.928
461 2.9281
462 2.9279
463 2.9274
464 2.9265
465 2.9254
466 2.924
467 2.9223
468 2.9204
469 2.9182
470 2.916
471 2.9136
472 2.9111
473 2.9087
474 2.9062
475 2.9038
476 2.9014
477 2.8993
478 2.8973
479 2.8955
480 2.8939
481 2.8926
482 2.8916
483 2.8909
484 2.8904
485 2.8903
486 2.8904
487 2.8907
488 2.8913
489 2.8921
490 2.8931
491 2.8942
492 2.8954
493 2.8966
494 2.8979
495 2.8992
496 2.9004
497 2.9015
498 2.9024
499 2.9033
500 2.9039
501 2.9044
502 2.9046
503 2.9047
504 2.9045
505 2.9042
506 2.9036
507 2.9029
508 2.9021
509 2.9012
510 2.9001
511 2.8991
512 2.898
513 2.897
514 2.896
515 2.895
516 2.8943
517 2.8936
518 2.8931
519 2.8928
520 2.8927
521 2.8928
522 2.8931
523 2.8936
524 2.8943
525 2.8951
526 2.8961
527 2.8972
528 2.8984
529 2.8997
530 2.9009
531 2.9022
532 2.9034
533 2.9045
534 2.9055
535 2.9064
536 2.9071
537 2.9076
538 2.9079
539 2.908
540 2.9079
541 2.9076
542 2.9071
543 2.9064
544 2.9055
545 2.9045
546 2.9034
547 2.9022
548 2.9009
549 2.8996
550 2.8983
551 2.8971
552 2.896
553 2.895
554 2.8941
555 2.8934
556 2.8929
557 2.8926
558 2.8925
559 2.8926
560 2.8929
561 2.8934
562 2.8941
563 2.895
564 2.896
565 2.8971
566 2.8982
567 2.8995
568 2.9007
569 2.9019
570 2.9031
571 2.9042
572 2.9051
573 2.9059
574 2.9065
575 2.907
576 2.9072
577 2.9073
578 2.9071
579 2.9067
580 2.9062
581 2.9054
582 2.9046
583 2.9035
584 2.9024
585 2.9012
586 2.9
587 2.8988
588 2.8976
589 2.8965
590 2.8955
591 2.8946
592 2.8939
593 2.8933
594 2.8929
595 2.8928
596 2.8928
597 2.893
598 2.8934
599 2.894
600 2.8948
601 2.8957
602 2.8968
603 2.8979
604 2.8991
605 2.9003
606 2.9015
607 2.9027
608 2.9037
609 2.9047
610 2.9056
611 2.9063
612 2.9068
613 2.9071
614 2.9072
615 2.9071
616 2.9069
617 2.9064
618 2.9057
619 2.9049
620 2.904
621 2.9029
622 2.9018
623 2.9006
624 2.8994
625 2.8982
626 2.8971
627 2.896
628 2.8951
629 2.8943
630 2.8937
631 2.8932
632 2.8929
633 2.8929
634 2.893
635 2.8933
636 2.8938
637 2.8945
638 2.8954
639 2.8963
640 2.8974
641 2.8985
642 2.8997
643 2.9009
644 2.9021
645 2.9032
646 2.9042
647 2.9051
648 2.9058
649 2.9064
650 2.9068
651 2.907
652 2.907
653 2.9069
654 2.9065
655 2.9059
656 2.9052
657 2.9043
658 2.9034
659 2.9023
660 2.9011
661 2.9
662 2.8988
663 2.8977
664 2.8966
665 2.8956
666 2.8948
667 2.8941
668 2.8935
669 2.8932
670 2.893
671 2.8931
672 2.8933
673 2.8937
674 2.8943
675 2.8951
676 2.896
677 2.897
678 2.898
679 2.8992
680 2.9004
681 2.9015
682 2.9026
683 2.9036
684 2.9046
685 2.9054
686 2.906
687 2.9065
688 2.9068
689 2.9069
690 2.9068
691 2.9065
692 2.9061
693 2.9054
694 2.9047
695 2.9037
696 2.9027
697 2.9016
698 2.9005
699 2.8993
700 2.8982
701 2.8971
702 2.8961
703 2.8952
704 2.8945
705 2.8939
706 2.8935
707 2.8932
708 2.8932
709 2.8933
710 2.8936
711 2.8941
712 2.8948
713 2.8956
714 2.8966
715 2.8976
716 2.8987
717 2.8998
718 2.901
719 2.9021
720 2.9031
721 2.9041
722 2.9049
723 2.9056
724 2.9062
725 2.9066
726 2.9067
727 2.9067
728 2.9066
729 2.9062
730 2.9056
731 2.9049
732 2.9041
733 2.9031
734 2.9021
735 2.901
736 2.8999
737 2.8988
738 2.8977
739 2.8967
740 2.8957
741 2.8949
742 2.8943
743 2.8938
744 2.8934
745 2.8933
746 2.8934
747 2.8936
748 2.894
749 2.8946
750 2.8953
751 2.8962
752 2.8972
753 2.8982
754 2.8993
755 2.9004
756 2.9015
757 2.9026
758 2.9036
759 2.9045
760 2.9052
761 2.9058
762 2.9063
763 2.9065
764 2.9066
765 2.9065
766 2.9062
767 2.9058
768 2.9052
769 2.9044
770 2.9035
771 2.9025
772 2.9015
773 2.9004
774 2.8993
775 2.8982
776 2.8972
777 2.8962
778 2.8954
779 2.8947
780 2.8941
781 2.8937
782 2.8935
783 2.8934
784 2.8936
785 2.8939
786 2.8944
787 2.8951
788 2.8959
789 2.8968
790 2.8978
791 2.8988
792 2.8999
793 2.901
794 2.9021
795 2.9031
796 2.904
797 2.9048
798 2.9054
799 2.906
800 2.9063
801 2.9065
802 2.9065
803 2.9063
804 2.9059
805 2.9054
806 2.9047
807 2.9039
808 2.9029
809 2.9019
810 2.9006
811 2.899
812 2.8972
813 2.8951
814 2.8921
815 2.8883
816 2.8833
817 2.8771
818 2.8696
819 2.8606
820 2.8501
821 2.8381
822 2.8247
823 2.8099
824 2.7938
825 2.7765
826 2.7583
827 2.7395
828 2.7203
829 2.7011
830 2.6822
831 2.6638
832 2.6464
833 2.6302
834 2.6157
835 2.6029
836 2.5923
837 2.5839
838 2.578
839 2.5746
840 2.5738
841 2.5754
842 2.5791
843 2.5844
844 2.5911
845 2.5989
846 2.6076
847 2.617
848 2.6269
849 2.6369
850 2.6469
851 2.6564
852 2.6654
853 2.6735
854 2.6807
855 2.6868
856 2.6918
857 2.6957
858 2.6985
859 2.7
860 2.7005
861 2.7
862 2.6986
863 2.6964
864 2.6937
865 2.6907
866 2.6874
867 2.6841
868 2.6809
869 2.6781
870 2.6757
871 2.6739
872 2.6729
873 2.6727
874 2.6733
875 2.6749
876 2.6773
877 2.6807
878 2.6848
879 2.6896
880 2.695
881 2.7009
882 2.7071
883 2.7134
884 2.7197
885 2.7257
886 2.7314
887 2.7365
888 2.741
889 2.7445
890 2.7472
891 2.7488
892 2.7493
893 2.7487
894 2.747
895 2.7441
896 2.7403
897 2.7354
898 2.7298
899 2.7235
900 2.7167
901 2.7095
902 2.7021
903 2.6948
904 2.6877
905 2.681
906 2.6748
907 2.6694
908 2.6649
909 2.6613
910 2.6588
911 2.6575
912 2.6573
913 2.6583
914 2.6604
915 2.6635
916 2.6677
917 2.6726
918 2.6783
919 2.6845
920 2.6911
921 2.6978
922 2.7046
923 2.7111
924 2.7173
925 2.7229
926 2.7279
927 2.7319
928 2.7351
929 2.7372
930 2.7382
931 2.738
932 2.7368
933 2.7345
934 2.7313
935 2.7271
936 2.7221
937 2.7165
938 2.7105
939 2.7041
940 2.6976
941 2.6912
942 2.685
943 2.6792
944 2.6741
945 2.6696
946 2.666
947 2.6634
948 2.6619
949 2.6613
950 2.6619
951 2.6636
952 2.6663
953 2.6699
954 2.6744
955 2.6797
956 2.6854
957 2.6917
958 2.6981
959 2.7046
960 2.711
961 2.7171
962 2.7226
963 2.7276
964 2.7318
965 2.7351
966 2.7374
967 2.7387
968 2.7389
969 2.738
970 2.7361
971 2.7331
972 2.7293
973 2.7246
974 2.7192
975 2.7133
976 2.7071
977 2.7006
978 2.6942
979 2.6879
980 2.6819
981 2.6765
982 2.6717
983 2.6678
984 2.6647
985 2.6627
986 2.6616
987 2.6617
988 2.6628
989 2.665
990 2.6682
991 2.6722
992 2.677
993 2.6825
994 2.6884
995 2.6946
996 2.701
997 2.7074
998 2.7135
999 2.7193
1000 2.7245
1001 2.729
1002 2.7327
1003 2.7354
1004 2.7372
1005 2.7379
1006 2.7376
1007 2.7362
1008 2.7338
1009 2.7304
1010 2.7262
1011 2.7213
1012 2.7157
1013 2.7098
1014 2.7035
1015 2.6972
1016 2.691
1017 2.685
1018 2.6794
1019 2.6745
1020 2.6702
1021 2.6668
1022 2.6643
1023 2.6629
1024 2.6624
1025 2.6631
1026 2.6647
1027 2.6674
1028 2.671
1029 2.6753
1030 2.6804
1031 2.686
1032 2.692
1033 2.6982
1034 2.7045
1035 2.7106
1036 2.7164
1037 2.7218
1038 2.7265
1039 2.7305
1040 2.7336
1041 2.7358
1042 2.737
1043 2.7371
1044 2.7362
1045 2.7343
1046 2.7314
1047 2.7277
1048 2.7231
1049 2.718
1050 2.7123
1051 2.7063
1052 2.7001
1053 2.6939
1054 2.6879
1055 2.6823
1056 2.6771
1057 2.6726
1058 2.6689
1059 2.6661
1060 2.6642
1061 2.6633
1062 2.6634
1063 2.6646
1064 2.6667
1065 2.6698
1066 2.6737
1067 2.6784
1068 2.6837
1069 2.6894
1070 2.6954
1071 2.7015
1072 2.7076
1073 2.7135
1074 2.719
1075 2.7239
1076 2.7282
1077 2.7316
1078 2.7342
1079 2.7358
1080 2.7364
1081 2.736
1082 2.7346
1083 2.7322
1084 2.7289
1085 2.7248
1086 2.72
1087 2.7147
1088 2.7089
1089 2.7029
1090 2.6968
1091 2.6909
1092 2.6852
1093 2.6799
1094 2.6752
1095 2.6711
1096 2.6679
1097 2.6656
1098 2.6643
1099 2.664
1100 2.6647
1101 2.6663
1102 2.6689
1103 2.6724
1104 2.6767
1105 2.6816
1106 2.687
1107 2.6928
1108 2.6987
1109 2.7047
1110 2.7106
1111 2.7161
1112 2.7212
1113 2.7257
1114 2.7295
1115 2.7324
1116 2.7345
1117 2.7355
1118 2.7356
1119 2.7346
1120 2.7327
1121 2.7299
1122 2.7262
1123 2.7218
1124 2.7168
1125 2.7114
1126 2.7056
1127 2.6997
1128 2.6937
1129 2.688
1130 2.6826
1131 2.6777
1132 2.6734
1133 2.6699
1134 2.6673
1135 2.6655
1136 2.6647
1137 2.6649
1138 2.6661
1139 2.6683
1140 2.6713
1141 2.6751
1142 2.6797
1143 2.6848
1144 2.6903
1145 2.696
1146 2.7019
1147 2.7078
1148 2.7134
1149 2.7186
1150 2.7233
1151 2.7273
1152 2.7306
1153 2.733
1154 2.7344
1155 2.7349
1156 2.7345
1157 2.733
1158 2.7307
1159 2.7274
1160 2.7235
1161 2.7188
1162 2.7136
1163 2.7081
1164 2.7023
1165 2.6965
1166 2.6908
1167 2.6854
1168 2.6803
1169 2.6758
1170 2.672
1171 2.669
1172 2.6669
1173 2.6657
1174 2.6655
1175 2.6662
1176 2.6679
1177 2.6704
1178 2.6738
1179 2.678
1180 2.6827
1181 2.6879
1182 2.6935
1183 2.6992
1184 2.705
1185 2.7106
1186 2.7159
1187 2.7207
1188 2.725
1189 2.7286
1190 2.7313
1191 2.7332
1192 2.7341
1193 2.7341
1194 2.7331
1195 2.7312
1196 2.7284
1197 2.7249
1198 2.7206
1199 2.7158
1200 2.7105
1201 2.7049
1202 2.6992
1203 2.6936
1204 2.6881
1205 2.6829
1206 2.6783
1207 2.6742
1208 2.6709
1209 2.6684
1210 2.6665
1211 2.6649
1212 2.6639
1213 2.6627
1214 2.6611
1215 2.6587
1216 2.655
1217 2.6497
1218 2.6427
1219 2.6337
1220 2.6227
1221 2.61
1222 2.596
1223 2.581
1224 2.5652
1225 2.5488
1226 2.5321
1227 2.5151
1228 2.4981
1229 2.4812
1230 2.4647
1231 2.4489
1232 2.4338
1233 2.4197
1234 2.4067
1235 2.3949
1236 2.3844
1237 2.3751
1238 2.3673
1239 2.3608
1240 2.3557
1241 2.352
1242 2.3497
1243 2.3485
1244 2.3484
1245 2.3494
1246 2.3512
1247 2.3537
1248 2.3569
1249 2.3605
1250 2.3643
1251 2.3684
1252 2.3724
1253 2.3763
1254 2.38
1255 2.3834
1256 2.3863
1257 2.3888
1258 2.3907
1259 2.3921
1260 2.3929
1261 2.3932
1262 2.393
1263 2.3924
1264 2.3914
1265 2.39
1266 2.3885
1267 2.3868
1268 2.3851
1269 2.3834
1270 2.3819
1271 2.3807
1272 2.3797
1273 2.3792
1274 2.3791
1275 2.3795
1276 2.3804
1277 2.3819
1278 2.3838
1279 2.3862
1280 2.389
1281 2.3922
1282 2.3958
1283 2.3995
1284 2.4034
1285 2.4073
1286 2.4111
1287 2.4148
1288 2.4182
1289 2.4213
1290 2.4239
1291 2.426
1292 2.4275
1293 2.4284
1294 2.4287
1295 2.4283
1296 2.4273
1297 2.4256
1298 2.4233
1299 2.4205
1300 2.4173
1301 2.4137
1302 2.4097
1303 2.4056
1304 2.4015
1305 2.3973
1306 2.3933
1307 2.3895
1308 2.3861
1309 2.3831
1310 2.3806
1311 2.3787
1312 2.3774
1313 2.3767
1314 2.3767
1315 2.3774
1316 2.3786
1317 2.3805
1318 2.3829
1319 2.3857
1320 2.3889
1321 2.3924
1322 2.3961
1323 2.3999
1324 2.4036
1325 2.4072
1326 2.4106
1327 2.4136
1328 2.4163
1329 2.4184
1330 2.42
1331 2.421
1332 2.4214
1333 2.4211
1334 2.4203
1335 2.4188
1336 2.4168
1337 2.4144
1338 2.4115
1339 2.4082
1340 2.4047
1341 2.4011
1342 2.3975
1343 2.3939
1344 2.3905
1345 2.3873
1346 2.3845
1347 2.3821
1348 2.3802
1349 2.3789
1350 2.3782
1351 2.3781
1352 2.3786
1353 2.3797
1354 2.3814
1355 2.3836
1356 2.3862
1357 2.3893
1358 2.3926
1359 2.3962
1360 2.3999
1361 2.4035
1362 2.4071
1363 2.4105
1364 2.4136
1365 2.4163
1366 2.4185
1367 2.4202
1368 2.4214
1369 2.422
1370 2.4219
1371 2.4213
1372 2.42
1373 2.4182
1374 2.4159
1375 2.4132
1376 2.4101
1377 2.4067
1378 2.4031
1379 2.3994
1380 2.3958
1381 2.3923
1382 2.389
1383 2.386
1384 2.3835
1385 2.3814
1386 2.3798
1387 2.3788
1388 2.3783
1389 2.3785
1390 2.3793
1391 2.3807
1392 2.3826
1393 2.385
1394 2.3878
1395 2.3909
1396 2.3943
1397 2.3979
1398 2.4015
1399 2.4051
1400 2.4085
1401 2.4117
1402 2.4145
1403 2.4169
1404 2.4189
1405 2.4203
1406 2.4211
1407 2.4214
1408 2.421
1409 2.4201
1410 2.4186
1411 2.4166
1412 2.4141
1413 2.4112
1414 2.408
1415 2.4046
1416 2.4011
1417 2.3975
1418 2.394
1419 2.3907
1420 2.3876
1421 2.3849
1422 2.3827
1423 2.3809
1424 2.3796
1425 2.3789
1426 2.3788
1427 2.3794
1428 2.3804
1429 2.3821
1430 2.3842
1431 2.3868
1432 2.3897
1433 2.393
1434 2.3964
1435 2.3999
1436 2.4034
1437 2.4068
1438 2.4101
1439 2.413
1440 2.4156
1441 2.4177
1442 2.4193
1443 2.4204
1444 2.4209
1445 2.4209
1446 2.4202
1447 2.419
1448 2.4172
1449 2.415
1450 2.4123
1451 2.4093
1452 2.4061
1453 2.4027
1454 2.3992
1455 2.3957
1456 2.3924
1457 2.3892
1458 2.3864
1459 2.384
1460 2.382
1461 2.3805
1462 2.3796
1463 2.3792
1464 2.3795
1465 2.3803
1466 2.3816
1467 2.3835
1468 2.3858
1469 2.3886
1470 2.3916
1471 2.3949
1472 2.3983
1473 2.4018
1474 2.4052
1475 2.4084
1476 2.4114
1477 2.4141
1478 2.4164
1479 2.4183
1480 2.4196
1481 2.4203
1482 2.4205
1483 2.4202
1484 2.4192
1485 2.4177
1486 2.4157
1487 2.4133
1488 2.4105
1489 2.4075
1490 2.4042
1491 2.4008
1492 2.3973
1493 2.394
1494 2.3908
1495 2.3879
1496 2.3854
1497 2.3832
1498 2.3815
1499 2.3804
1500 2.3798
1501 2.3797
1502 2.3802
1503 2.3813
1504 2.3829
1505 2.385
1506 2.3875
1507 2.3904
1508 2.3935
1509 2.3968
1510 2.4002
1511 2.4035
1512 2.4068
1513 2.4099
1514 2.4127
1515 2.4151
1516 2.4171
1517 2.4186
1518 2.4197
1519 2.4201
1520 2.42
1521 2.4193
1522 2.4181
1523 2.4164
1524 2.4142
1525 2.4116
1526 2.4087
1527 2.4056
1528 2.4023
1529 2.3989
1530 2.3956
1531 2.3924
1532 2.3894
1533 2.3868
1534 2.3845
1535 2.3826
1536 2.3812
1537 2.3804
1538 2.3801
1539 2.3803
1540 2.3812
1541 2.3825
1542 2.3843
1543 2.3866
1544 2.3892
1545 2.3922
1546 2.3953
1547 2.3986
1548 2.4019
1549 2.4052
1550 2.4083
1551 2.4112
1552 2.4137
1553 2.4159
1554 2.4176
1555 2.4189
1556 2.4196
1557 2.4197
1558 2.4193
1559 2.4183
1560 2.4169
1561 2.4149
1562 2.4126
1563 2.4099
1564 2.4069
1565 2.4037
1566 2.4005
1567 2.3972
1568 2.394
1569 2.391
1570 2.3882
1571 2.3858
1572 2.3837
1573 2.3822
1574 2.3811
1575 2.3806
1576 2.3806
1577 2.3811
1578 2.3822
1579 2.3838
1580 2.3858
1581 2.3882
1582 2.391
1583 2.394
1584 2.3972
1585 2.4004
1586 2.4036
1587 2.4068
1588 2.4097
1589 2.4124
1590 2.4147
1591 2.4166
1592 2.418
1593 2.4189
1594 2.4193
1595 2.4191
1596 2.4185
1597 2.4172
1598 2.4156
1599 2.4134
1600 2.4109
